SampleNr,StratNr,PointNr,X,Y
1,1,4016,1.51525554010775e6,-3.63612661267572e6
2,1,2052,1.51660554010775e6,-3.63462661267572e6
3,1,4314,1.51533054010775e6,-3.63650161267572e6
4,1,3099,1.51638054010775e6,-3.63545161267572e6
5,1,4359,1.51555554010775e6,-3.63665161267572e6
6,2,2483,1.51473054010775e6,-3.63500161267572e6
7,2,2621,1.51060554010775e6,-3.63515161267572e6
8,2,1275,1.51368054010775e6,-3.63395161267572e6
9,2,1936,1.51443054010775e6,-3.63455161267572e6
10,2,725,1.51435554010775e6,-3.63335161267572e6
11,2,1487,1.51203054010775e6,-3.63417661267572e6
12,2,488,1.51225554010775e6,-3.63297661267572e6
13,2,732,1.51525554010775e6,-3.63335161267572e6
14,2,811,1.51120554010775e6,-3.63350161267572e6
15,2,1595,1.51405554010775e6,-3.63425161267572e6
16,2,4150,1.51188054010775e6,-3.63627661267572e6
17,2,371,1.51128054010775e6,-3.63267661267572e6
18,2,3486,1.51375554010775e6,-3.63575161267572e6
19,2,1447,1.51495554010775e6,-3.63410161267572e6
20,2,2838,1.51203054010775e6,-3.63530161267572e6
21,2,622,1.51413054010775e6,-3.63320161267572e6
22,2,3578,1.51248054010775e6,-3.63582661267572e6
23,2,1673,1.51375554010775e6,-3.63432661267572e6
24,2,744,1.51120554010775e6,-3.63342661267572e6
25,3,2047,1.51623054010775e6,-3.63462661267572e6
26,3,3067,1.51398054010775e6,-3.63545161267572e6
27,3,2209,1.51503054010775e6,-3.63477661267572e6
28,3,1712,1.51668054010775e6,-3.63432661267572e6
29,3,3193,1.51570554010775e6,-3.63552661267572e6
30,3,2816,1.51788054010775e6,-3.63522661267572e6
31,3,3394,1.51495554010775e6,-3.63567661267572e6
32,3,3185,1.51510554010775e6,-3.63552661267572e6
33,4,1110,1.51255554010775e6,-3.63380161267572e6
34,4,910,1.51353054010775e6,-3.63357661267572e6
35,4,1892,1.51113054010775e6,-3.63455161267572e6
36,4,689,1.51165554010775e6,-3.63335161267572e6
37,4,690,1.51173054010775e6,-3.63335161267572e6
38,4,417,1.51285554010775e6,-3.63275161267572e6
39,4,1570,1.51218054010775e6,-3.63425161267572e6
40,4,285,1.51255554010775e6,-3.63237661267572e6
41,4,1260,1.51255554010775e6,-3.63395161267572e6
42,4,1333,1.51233054010775e6,-3.63402661267572e6
43,5,1853,1.51465554010775e6,-3.63447661267572e6
44,5,1986,1.51165554010775e6,-3.63462661267572e6
45,5,1703,1.51600554010775e6,-3.63432661267572e6
46,5,477,1.51143054010775e6,-3.63297661267572e6
47,5,3371,1.51323054010775e6,-3.63567661267572e6
48,5,830,1.51263054010775e6,-3.63350161267572e6
49,5,3391,1.51473054010775e6,-3.63567661267572e6
50,5,1705,1.51615554010775e6,-3.63432661267572e6
51,5,546,1.51158054010775e6,-3.63312661267572e6
52,5,1840,1.51368054010775e6,-3.63447661267572e6
53,5,2281,1.51360554010775e6,-3.63485161267572e6
54,5,3897,1.51338054010775e6,-3.63605161267572e6
55,5,519,1.51218054010775e6,-3.63305161267572e6
56,5,2190,1.51360554010775e6,-3.63477661267572e6
57,6,3535,1.51743054010775e6,-3.63575161267572e6
58,6,4212,1.51810554010775e6,-3.63627661267572e6
59,6,3863,1.51833054010775e6,-3.63597661267572e6
